
[main]
H=0.29
lx=2.5
ly=2.5
lz=2.5
X_min=-3
X_max=3
Y_min=-3
Y_max=3
alfa=3.69534000022515
beta=11.9348300000025
R=0
G=0
B=0
