
[main]
H=0.3
lx=2.6
ly=2.6
lz=2.6
X_min=-3
X_max=3
Y_min=-3
Y_max=3
alfa=4.24981000021769
beta=11.7130700000108
R=0
G=255
B=0
